image_width: 640
image_height: 480
camera_name: usb_cam
camera_matrix:
  rows: 3
  cols: 3
  data: [363.090103, 0.000000, 313.080058, 0.000000, 364.868860, 252.739984, 0.000000, 0.000000, 1.000000]
distortion_model: plumb_bob
distortion_coefficients:
  rows: 1
  cols: 5
  data: [-0.334146, 0.099765, -0.000050, 0.001451, 0.000000]
rectification_matrix:
  rows: 3
  cols: 3
  data: [1.000000, 0.000000, 0.000000, 0.000000, 1.000000, 0.000000, 0.000000, 0.000000, 1.000000]
projection_matrix:
  rows: 3
  cols: 4
  data: [271.623016, 0.000000, 315.690624, 0.000000, 0.000000, 301.989532, 258.476438, 0.000000, 0.000000, 0.000000, 1.000000, 0.000000]
